-5.089381
-5.089383
-5.089383
0.00

-5.089382
-5.089383
-5.089382
0.00

-5.089382
-5.089382
-5.089383
0.00

-5.089382
-5.089382
-5.089382
0.00

-4.011271
-4.011271
-4.011271
0.00

-4.011271
-4.011271
-4.011271
0.00

-4.011271
-4.011271
-4.011271
0.00

-4.011271
-4.011271
-4.011271
0.00

-3.030893
-3.030893
-3.030893
0.00

-3.030893
-3.030893
-3.030893
0.00

-3.030893
-3.030893
-3.030893
0.00

-3.030893
-3.030893
-3.030893
0.00

-2.122490
-2.122490
-2.122490
0.00

-2.122490
-2.122490
-2.122490
0.00

-2.122490
-2.122490
-2.122490
0.00

-2.122490
-2.122490
-2.122490
0.00

-1.304160
-1.304160
-1.304160
0.00

-1.304160
-1.304160
-1.304160
0.00

-1.304160
-1.304160
-1.304160
0.00

-1.304160
-1.304160
-1.304160
0.00

-0.645443
-0.645443
-0.645443
0.00

-0.645443
-0.645443
-0.645443
0.00

-0.645443
-0.645443
-0.645443
0.00

-0.645443
-0.645443
-0.645443
0.00

-0.229957
-0.229957
-0.229957
0.00

-0.229957
-0.229957
-0.229957
0.00

-0.229957
-0.229957
-0.229957
0.00

-0.229956
-0.229956
-0.229956
0.00

-0.000153
-0.000154
-0.000154
0.00

-0.000154
-0.000154
-0.000154
0.00

-0.000153
-0.000153
-0.000154
0.00

-0.000154
-0.000154
-0.000154
0.00

0.230086
0.230086
0.230086
0.00

0.230086
0.230086
0.230086
0.00

0.230086
0.230086
0.230086
0.00

0.230086
0.230086
0.230086
0.00

0.645375
0.645375
0.645375
0.00

0.645375
0.645375
0.645375
0.00

0.645375
0.645375
0.645375
0.00

0.645287
0.645287
0.645287
0.00

1.304120
1.304120
1.304120
0.00

1.304120
1.304120
1.304120
0.00

1.304120
1.304120
1.304120
0.00

1.304062
1.304062
1.304062
0.00

2.122601
2.122601
2.122601
0.00

2.122601
2.122601
2.122601
0.00

2.122601
2.122601
2.122601
0.00

2.122087
2.122087
2.122087
0.00

3.030938
3.030938
3.030938
0.00

3.030939
3.030938
3.030939
0.00

3.030939
3.030938
3.030938
0.00

3.028275
3.028275
3.028275
0.00

4.011235
4.011235
4.011235
0.00

4.011235
4.011234
4.011235
0.00

4.011235
4.011235
4.011234
0.00

3.917053
3.917053
3.917053
0.00

5.089395
5.089393
5.089393
0.00

5.089395
5.089392
5.089395
0.00

5.089395
5.089395
5.089392
0.00

-1.735833
-1.735833
-1.735833
0.00

